3.645869865990521430e-01 1.339579978291045581e-01 -1.513272231065798945e-01 4.147646720824094690e-01 1.388479901750350742e-01 -1.655118653114079907e-01 4.232305143620840870e-01 1.362908802790050722e-01 -1.712932814138936610e-01 4.226113551716801919e-01 1.345145374172152797e-01 -1.730229571252456522e-01 1.269456495216548797e-01 1.242945866423602191e-01 -7.250292233754553062e-02 4.287845340290474122e-02 1.562247010982795448e-01 -7.354003980848511368e-02 6.345183371901762237e-02 7.739262563561312425e-02 -2.661275669218464771e-02 8.271147887437056700e-02 1.344398612639766954e-01 -5.348233687046157619e-02 1.960181011477857560e-01 1.583508408416407498e-01 -9.586531081513124941e-02 -7.953126219248131401e-02 1.177429163073603208e-01 1.011002705327688177e-02 -1.642500586680736563e-01 9.785530194404280790e-02 4.305278438650311096e-02 -1.428373296670081283e-01 1.247129175209973767e-01 3.662223977393561786e-02 -2.189653876825815859e-01 1.644192241397077203e-01 -3.537389445415324574e-02 -1.903257951174769647e-01 1.597244519066307322e-01 1.298457530991087017e-01 -5.056746452686101956e-02 3.470883963652530990e-02 3.593481353309292692e-02 7.062512226777854785e-02 -1.644736076957475273e-03 5.835471461331531023e-02 -1.115040079170941806e-01 1.019722891730250654e-03 7.115826935270007716e-03 -2.103272549687815185e-01 3.440162926016925027e-02 -9.433586701971320362e-03 -4.528056024514867661e-02 -7.975080195669465022e-02 -3.764771041584775210e-03 2.639209632178243781e-03 -9.484762632404716842e-02 8.940624589714941256e-03 -6.833272260071651671e-02 -1.392722259220599557e-01 -2.284165128098845227e-02 -8.152654672631572466e-03 -6.867371292304649821e-02 -7.157235135522400232e-03 8.454654595242389048e-02 9.623122869896664697e-03 -1.227186389890948248e-02 -8.021233920890011304e-02 -1.467467716439491976e-01 -4.291034317770611901e-03 -1.548578770827739870e-01 -2.077516449174992563e-01 1.782982343590599832e-04 -5.871396593926485330e-02 -1.486824844047438254e-01 -7.038763843927593571e-03 -2.101371046819564686e-02 -1.398350262173278513e-01 -1.217144875747934972e-02 -7.252981774331514198e-02 -1.744014516022133199e-01 -3.635488496816485088e-02 -6.930394893997052219e-02 -1.314087930716567043e-01 3.659848498463046801e-02 -9.958543091916509382e-02 -1.701855897268326478e-01 6.442601115929345867e-02 -4.471659648733504466e-02 -7.390670056856304959e-02 4.280203729520217631e-02 -2.065063327353535566e-02 -4.557450316983231026e-02 1.797637750696045797e-02 -5.078665389500080368e-02 -4.957509839532393825e-02 8.315326037774464774e-02 -4.121275455025576878e-02 -2.620484002336120194e-02 1.043507923627372685e-01 -4.677061364022028211e-02 -4.285032771162260862e-02 6.654215592949444535e-02 -7.541160374296623781e-02 -6.231737608142503410e-02 1.195084392592841993e-01 -8.386449822822365785e-02 -6.994511108505915842e-02 1.338040678355229829e-01 -8.530498035536226986e-02 -6.494732583707485407e-02 1.345411189519606643e-01
1.339579978291045581e-01 2.793958173121795063e+00 -1.733287153474299069e+00 1.418635021842675203e-01 3.044181418671574768e+00 -1.850110991783733949e+00 1.212039466072667576e-01 3.042058485460362505e+00 -1.843637498678828202e+00 1.355389748134840644e-01 3.052222650225703937e+00 -1.832494877794492272e+00 1.406170928540413367e-01 1.722022774338726636e+00 -1.271187624865607768e+00 1.128619983896899173e-02 1.683421503857165380e+00 -8.470967456667146678e-01 7.547382686112923122e-02 1.386486639172064050e+00 -1.665427476338909196e+00 4.174602901423464241e-01 1.119838080087476317e+00 -8.334335125955486534e-01 5.454107211393920407e-01 1.370417592508574645e+00 -8.843113195360959855e-01 5.155212478520274644e-01 3.249337309792791340e-01 -4.002720725076151509e-01 4.004180872553825821e-01 1.633204628383294332e-01 -3.856965566600781270e-01 7.831510688548639632e-01 -3.248399983232788668e-01 5.604804495507560019e-02 8.084906161065780195e-01 -4.968287992949743659e-01 5.869079118271186557e-01 8.551150143685464222e-01 -7.963542657964064464e-01 -2.272922261707321090e-01 9.355215773561247339e-01 -1.682151069542895672e-01 2.132202669137766293e-01 1.006310350444104218e+00 1.053015674739168073e-01 1.624827300173131983e-01 9.782769923932687073e-01 -3.330136139266380302e-01 3.949681136804210069e-01 9.188842814115267821e-01 -5.553024855736740095e-01 4.280979820955080895e-01 1.098565497385384448e+00 -2.058664064045257203e-01 5.456105837853171270e-01 1.110235777102147381e+00 -7.980487226584008498e-02 7.959652619739390200e-01 1.366743400782400641e+00 -2.736602701027371354e-01 4.707798146906248538e-01 8.545068933656623233e-01 -1.503564295371412063e-01 4.745727167116735035e-01 1.209072861453655667e+00 4.298531762574226561e-02 3.821933880734982303e-01 2.414199771919886828e-01 -3.182210209038763282e-01 5.191706255343045973e-01 -1.774863049207675916e-02 -4.723844108090441418e-01 5.940691284999091160e-01 -9.215894764942265949e-02 -3.023983970484891426e-01 4.664055028929968150e-01 -1.159162304763627915e-01 4.803383806175018714e-03 6.246500984923215594e-01 1.218136048947225936e-01 -2.725354944415599445e-01 2.287629111223139222e-01 -7.085836821025465193e-01 -7.339400160599675038e-01 5.126277411381812144e-01 -9.174056820722475969e-01 -7.293821685288278678e-01 4.609066033684793839e-01 -1.000471469731422314e+00 -1.102850613639684951e+00 6.079616172353856651e-01 -8.001743216247076962e-01 -1.077460410679355940e+00 6.460949597805852873e-01 -1.593871138994718217e+00 -1.548679370224513852e+00 6.602722862831255091e-01 -1.742108434533343519e+00 -1.405957257876642830e+00 7.824219031198961227e-01 -1.616851962179845614e+00 -1.604260790422575189e+00 4.324977140819351029e-01 -1.999965188871563493e+00 -2.144849618257532953e+00 8.576149068839263867e-01 -2.174563916805240193e+00 -2.389094752840533076e+00 9.382188985734831732e-01 -2.147040194954888737e+00 -2.369695210254779916e+00 9.317263443415468860e-01
-1.513272231065798945e-01 -1.733287153474299069e+00 1.846214548970406932e+00 -1.672571848916406534e-01 -1.832169458182172361e+00 2.053770157872409019e+00 -1.609967711908566745e-01 -1.828752300223899896e+00 2.053283497217506692e+00 -1.727969645741623816e-01 -1.838345062736514102e+00 2.043212498706080460e+00 -8.614521210359932235e-02 -1.311223918111412257e+00 9.780507104115969685e-01 1.006495599815832032e-01 -1.654934713370857402e+00 7.000537631070684608e-01 -8.442931746875760590e-02 -9.335949227489612756e-01 9.187188992602405291e-01 -2.797149512831920148e-01 -9.181848019758065416e-01 5.373065313913585328e-01 -4.022995998786480509e-01 -9.306461984942291377e-01 8.003811491110034426e-01 -3.113135674471890768e-01 -5.666767404438050049e-01 -1.330554474626773620e-01 -2.048630721068948335e-01 -5.789149554775068207e-01 -3.113668667868973450e-01 -4.943483388576306314e-01 -1.604534249543946578e-01 -6.222159878912161268e-01 -3.415088880078698819e-01 -3.441287640726759522e-01 -1.044954985127877878e+00 -6.535176640710761431e-01 2.817685838880590876e-01 -7.415577785620545148e-01 -6.783049466176539477e-01 -7.174150060256832828e-02 -4.311657458695191125e-01 -7.537300061650069605e-01 -2.170650824711050364e-01 -2.738451741090703884e-01 -7.454036732215676420e-01 1.612768208072964116e-01 -4.385433653502072149e-01 -6.794878393314112142e-01 2.693441077882696155e-01 -5.753457474005895245e-01 -9.040945472844474917e-01 2.668526228905282460e-01 -2.581933654077994134e-01 -1.127030289340712699e+00 1.722329713048349198e-01 -3.476854850294887611e-01 -9.504182245964916120e-01 4.512399110873048791e-01 -9.944572915571829597e-02 -7.155149440433297148e-01 2.631555681411715808e-01 -1.579933847339517750e-01 -9.388920405882182907e-01 6.318904167844871522e-02 -1.758758269562849808e-01 -2.978383861293615320e-01 4.831795865017427527e-01 -5.261779025956216799e-02 -1.360677023995013335e-01 6.394791375399844213e-01 -4.358877152527207421e-02 -4.721932902995877590e-02 5.160776097936183859e-01 4.711452552599232346e-02 -2.385724720890569084e-01 2.985937660251218873e-01 3.641645991639094748e-02 -5.582384470210782074e-02 6.386250297076235816e-01 3.354978068117723256e-01 4.884324069274340596e-01 6.810183363284263436e-01 -2.076027603599423788e-01 6.520962734142059514e-01 6.501449849173630557e-01 -1.841867896088282830e-01 7.608947630166824627e-01 8.551232158022041840e-01 -4.474192713450059755e-01 5.997838089339884160e-01 8.691878341543425313e-01 -4.477931768031818693e-01 1.280758905818089044e+00 1.032406604951662255e+00 -7.104404501952971129e-01 1.365508901555047228e+00 9.039180133624560298e-01 -8.463481119867276581e-01 1.348779646156777812e+00 1.050099824828356843e+00 -5.693149260222366559e-01 1.633836834042987851e+00 1.369473412582543848e+00 -1.000514995642297178e+00 1.786325239444140678e+00 1.509273478997861018e+00 -1.107821273950877039e+00 1.761850661235986770e+00 1.494458534260987959e+00 -1.121127340759244584e+00
4.147646720824094690e-01 1.418635021842675203e-01 -1.672571848916406534e-01 7.891916966305627668e-01 1.546535946401231820e-01 -1.938114751642915079e-01 3.357717269474024269e-01 1.723744842402380739e-01 -1.938072805615884409e-01 3.279238885406561277e-01 9.402539416323896226e-02 -1.746649597473502458e-01 1.222471950585206774e-01 1.492063810142187363e-01 -8.224942221762229777e-02 1.539896637667209287e-02 1.922859545481518662e-01 -1.081404428022390701e-01 3.356074231277153541e-02 1.125662035747422296e-01 -1.101667579696853985e-02 8.733228144777128998e-02 1.481455158159464547e-01 -5.758583156844127027e-02 2.298551129272512761e-01 1.559460960351793657e-01 -9.539540652988361125e-02 -9.898674424602398048e-02 1.397696155862275524e-01 5.459063766027225269e-03 -2.073827120660527434e-01 1.337963035961585168e-01 3.464140190722353463e-02 -1.573273464371870156e-01 1.377820458683788885e-01 3.692826113639803565e-02 -2.327900217166801455e-01 1.795965375111600315e-01 -3.090219340754263994e-02 -2.047577910294864356e-01 1.675496555928332743e-01 1.307231291234016712e-01 -6.029740704881336733e-02 4.300753114845749098e-02 3.500411898766297991e-02 6.000075770247545459e-02 1.244236391425749058e-02 5.586100901244413913e-02 -1.163852314216626826e-01 -1.399805908575893400e-03 6.983948634668792586e-03 -2.149073268126771019e-01 2.778409180931087907e-02 -8.060741307308598447e-03 -4.552070224083119149e-02 -8.868215192377025546e-02 -4.726946161283587279e-03 4.669009940196276742e-03 -1.043613096339354451e-01 9.921513172754454699e-03 -6.903523168875798366e-02 -1.534863617955916082e-01 -2.412108105890670845e-02 -5.199180869729554295e-03 -7.685619565648506291e-02 -1.148632153895770037e-02 9.166255462366551532e-02 3.897730705012637104e-03 -2.542882732220995770e-02 -7.984998720696262486e-02 -1.565578791517376056e-01 -1.533893173281656534e-03 -1.580982624538214976e-01 -2.194080915958476208e-01 1.015707450470255610e-02 -5.599207289115389757e-02 -1.578563125610158713e-01 -5.720126740940097328e-03 -1.557124284919606319e-02 -1.437418331003827709e-01 -1.029205457202701617e-02 -6.699065733879265572e-02 -1.862529989338514991e-01 -3.964904932796781134e-02 -7.089804003803790167e-02 -1.434103015924907409e-01 4.131489210147407110e-02 -1.003170992444955140e-01 -1.836397536684596099e-01 6.877199192053033705e-02 -5.087935914152560274e-02 -8.598603541634029790e-02 5.089951902752549301e-02 -2.714531240199749909e-02 -5.665621524669781778e-02 2.622576378969736915e-02 -6.184251514350064260e-02 -6.340481094899327874e-02 9.500980859687714608e-02 -5.145420396527793094e-02 -3.635928604585220159e-02 1.178721598257867348e-01 -5.721344384881611733e-02 -5.932673033889120096e-02 7.555910489604020230e-02 -9.337608991769826006e-02 -7.905586412489330750e-02 1.369059410848961489e-01 -1.073444003891765031e-01 -9.272524940441002894e-02 1.524601098990262527e-01 -1.028162221819996364e-01 -7.752581489968085604e-02 1.551511025033143198e-01
1.388479901750350742e-01 3.044181418671574768e+00 -1.832169458182172361e+00 1.546535946401231820e-01 3.630203387426344630e+00 -1.941142841096624494e+00 7.669461204621680350e-02 3.185679240308382010e+00 -1.785823234537784243e+00 1.678307524875817525e-01 3.198239640746767254e+00 -2.104549744967400216e+00 1.653536256093330326e-01 1.800184631532793844e+00 -1.358004197792101131e+00 3.432149756358161136e-02 1.701860647338973243e+00 -8.444266255511335695e-01 1.083418626613513042e-01 1.404115162930596794e+00 -1.855706119016875544e+00 4.540784327811741017e-01 1.184271421620704645e+00 -8.884418842667461957e-01 5.746989124996633169e-01 1.508936296348007078e+00 -9.311546965159572808e-01 5.706026955634707631e-01 2.949491690686796286e-01 -4.371251878476593578e-01 4.606078700638790435e-01 7.615554104989452622e-02 -4.309349241715969558e-01 8.511858109429251140e-01 -3.807495445921279531e-01 5.137734467119430687e-02 8.783560803636768499e-01 -5.663819437427843884e-01 6.160684660638054977e-01 9.327696230300189795e-01 -8.771538945673735821e-01 -2.552494616919916415e-01 1.001676833360183760e+00 -2.009501579253801795e-01 2.293451261651923978e-01 1.076888194567769075e+00 8.632236382214261705e-02 1.827150231007375336e-01 1.037235372282625967e+00 -3.607289930118375842e-01 4.237853774977669019e-01 9.753761354657394245e-01 -5.958255436863337806e-01 4.524038549848267698e-01 1.153424020586757415e+00 -2.111024438077931942e-01 5.940438878953983037e-01 1.149643743585062605e+00 -7.311284057514337575e-02 8.597563898293004714e-01 1.446092677335848897e+00 -2.715925526876605822e-01 5.255244059065057316e-01 8.923721072754646766e-01 -1.571830028944891655e-01 5.150366331122808727e-01 1.270759517462682231e+00 4.138140075558353198e-02 4.105123274517661347e-01 2.378151997339364998e-01 -3.324189219188407041e-01 5.662713236411277551e-01 -3.925338715944393791e-02 -4.907560145971317511e-01 6.508438224398402916e-01 -1.183147975018815495e-01 -3.200989042676530838e-01 5.065386897515282705e-01 -1.467018794411156790e-01 1.095610185913807469e-03 6.714249091160497951e-01 1.052687681321658325e-01 -2.854746201047613230e-01 2.584340174460699191e-01 -7.650636117753469856e-01 -7.807214780058674419e-01 5.503536191461868565e-01 -9.866707945306649741e-01 -7.816426277900843100e-01 5.019347135457902231e-01 -1.069040284507143390e+00 -1.168339067440713031e+00 6.398514041186836865e-01 -8.564521785756886718e-01 -1.136199154070961947e+00 6.756399116795763771e-01 -1.691666640787269804e+00 -1.644044272099899340e+00 6.877983737800166253e-01 -1.850987342217057297e+00 -1.494273997656679898e+00 8.126254329620795636e-01 -1.714923737132904469e+00 -1.703972698287598009e+00 4.494483290033727818e-01 -2.113809681849085909e+00 -2.275928327380646987e+00 8.913957652192682213e-01 -2.296640626332299373e+00 -2.539117733106962760e+00 9.737923584225661733e-01 -2.265370968406365648e+00 -2.509807197587631045e+00 9.678068686871136306e-01
-1.655118653114079907e-01 -1.850110991783733949e+00 2.053770157872409019e+00 -1.938114751642915079e-01 -1.941142841096624494e+00 2.597849162667973832e+00 -1.595792056674111836e-01 -2.123977872135707212e+00 2.156814738212774252e+00 -1.930104492636377234e-01 -1.798570334596590659e+00 2.149508506039090605e+00 -9.619409534012469953e-02 -1.409120987350045651e+00 1.004251680041152728e+00 1.226769296251628005e-01 -1.860729442380076648e+00 6.512380233925881834e-01 -1.141523908470746806e-01 -9.317621100950717050e-01 8.816103706576058352e-01 -3.028469492137073615e-01 -9.844866628314642432e-01 5.647581795628375811e-01 -4.294049367503440795e-01 -9.924943511196102630e-01 9.200618579260645413e-01 -3.415884398711567238e-01 -6.104570288278017287e-01 -2.071888190046552169e-01 -2.313031293071238781e-01 -6.283558724998556944e-01 -4.567739451751940960e-01 -5.377873703099010916e-01 -1.718240966832209893e-01 -7.100033602722559678e-01 -3.817031590835988641e-01 -3.699363646269349104e-01 -1.163064322895582148e+00 -7.054951336307662135e-01 3.038207423861415402e-01 -8.341300517345053844e-01 -7.296853530823751433e-01 -7.367735167338362867e-02 -4.887976743084537778e-01 -8.109438152791914600e-01 -2.285905767741953920e-01 -3.307168362254630511e-01 -7.969638444844520109e-01 1.781118904186287932e-01 -4.706855210927179956e-01 -7.263908498721526330e-01 2.936525870612585742e-01 -6.096733970152322657e-01 -9.622704458910280589e-01 2.950650943916879876e-01 -2.583417654465342550e-01 -1.212684820073889558e+00 1.952293572282113310e-01 -3.454808518454369759e-01 -1.001927817848892399e+00 4.920410388585464423e-01 -7.930212998921074008e-02 -7.534916976880766670e-01 2.932512479246573989e-01 -1.539734418257559800e-01 -9.830603975010843154e-01 8.087220293913738312e-02 -1.769226388653656612e-01 -3.112076696311876778e-01 5.285867628622084036e-01 -3.897468155442118665e-02 -1.455347520189411437e-01 6.947001278227952215e-01 -2.633495101034880742e-02 -3.848107004794885239e-02 5.651104980854426696e-01 6.566077862303527912e-02 -2.457638492952998188e-01 3.383886222517630826e-01 6.121540693725492643e-02 -3.787363065401111450e-02 6.981576381738613390e-01 3.719454673029332636e-01 5.296851758103283681e-01 7.318616528451770131e-01 -2.155463069981999324e-01 7.036575921923264865e-01 6.979573796563817156e-01 -1.941475140981308301e-01 8.179179794255174718e-01 9.107984722837696445e-01 -4.752886326165347564e-01 6.465070541364975609e-01 9.272111009064284426e-01 -4.726875713504978815e-01 1.368962352047715880e+00 1.091218790673254224e+00 -7.632178681565109368e-01 1.455881289436411929e+00 9.553067167000826032e-01 -9.056207385983838787e-01 1.446083410259781488e+00 1.110450393053548535e+00 -6.153569471395936574e-01 1.740836947359991393e+00 1.439780104588666232e+00 -1.079351463334855543e+00 1.905316738025656154e+00 1.580899921460086954e+00 -1.199108037749608169e+00 1.871143144809688241e+00 1.572764541902583302e+00 -1.207994860932270820e+00
4.232305143620840870e-01 1.212039466072667576e-01 -1.609967711908566745e-01 3.357717269474024269e-01 7.669461204621680350e-02 -1.595792056674111836e-01 8.100776020549065315e-01 1.311979139875031897e-01 -1.934127510549605578e-01 3.403131335930701939e-01 1.446171439682762405e-01 -1.902325792969130347e-01 1.200442779973811408e-01 1.384859639314663937e-01 -7.540633512799937987e-02 1.101960446742289608e-02 1.836011012949241294e-01 -1.054190525331067940e-01 2.649951176474654377e-02 1.038903872290154462e-01 1.428053702707856622e-03 8.376449383673574556e-02 1.409282222570071297e-01 -5.204731228852738784e-02 2.338020339279529847e-01 1.368690318763405023e-01 -8.728897869273798127e-02 -1.122161143832294539e-01 1.488293750535707449e-01 7.637386391480473387e-03 -2.252497632624142765e-01 1.511296122853935664e-01 3.503658179869977018e-02 -1.726987850307209749e-01 1.522871148892677162e-01 3.669315154397988221e-02 -2.536338053824959693e-01 1.995020927919522735e-01 -4.169757755967438972e-02 -2.221439794243246779e-01 1.901581790998559396e-01 1.411327264151344685e-01 -7.046127037774067847e-02 4.536329399465183210e-02 3.173187227532875410e-02 5.135479102812122443e-02 2.819707479950436021e-03 4.690582990179091583e-02 -1.233797046377370921e-01 4.064702501790027830e-03 6.821299086277466360e-03 -2.229550082822571999e-01 4.311784259097648647e-02 -3.914323014198266629e-03 -4.637759176016723051e-02 -9.266498150759344687e-02 -7.177227954979874258e-03 1.122909813621453257e-02 -1.140834447449247391e-01 7.328314894768222024e-03 -7.657357580078373582e-02 -1.635023593933915553e-01 -3.117999957114480150e-02 -1.660310739979853345e-03 -7.595687262320692523e-02 -9.506051606885931871e-03 9.728755577140721367e-02 1.247966854989367852e-02 -1.107419723501852811e-02 -7.414272658197357257e-02 -1.607192490887409675e-01 -9.858240135079696445e-03 -1.543942512397227518e-01 -2.301298420738477069e-01 -8.334371327645839420e-03 -4.543074615896729868e-02 -1.584671594424582330e-01 -1.190633068639186318e-02 1.146683985784445296e-03 -1.425857413321322542e-01 -1.062356092139586823e-02 -5.446335050300281366e-02 -1.878268904835048436e-01 -5.262288597921706973e-02 -6.668762843470626978e-02 -1.408688103838698358e-01 3.982149280032352273e-02 -1.032832553922182622e-01 -1.845058541881975656e-01 7.214258706213495798e-02 -4.407458545272625872e-02 -7.819768279539146549e-02 4.756593199695551694e-02 -1.465812985977281435e-02 -4.647696740841264496e-02 1.901705380799995071e-02 -5.931768021986383310e-02 -5.253203062999384915e-02 9.502936283506496773e-02 -5.209719346608481655e-02 -2.738877322922225743e-02 1.231430763262669342e-01 -5.536478534488360748e-02 -4.265393444922926242e-02 7.424630790662548052e-02 -9.023214107659544014e-02 -7.128823588919976084e-02 1.348473908855154779e-01 -9.712783752395381942e-02 -7.622693247921288884e-02 1.502051561413590142e-01 -1.069168075369075072e-01 -8.116415029278964410e-02 1.515441760717315400e-01
1.362908802790050722e-01 3.042058485460362505e+00 -1.828752300223899896e+00 1.723744842402380739e-01 3.185679240308382010e+00 -2.123977872135707212e+00 1.311979139875031897e-01 3.627926574818364003e+00 -1.929655171077339526e+00 8.784591734667594742e-02 3.193653959012018095e+00 -1.770222801137636193e+00 1.635218555967398180e-01 1.798364368686347747e+00 -1.349774483477571341e+00 3.597028289690615277e-02 1.706256691046429408e+00 -8.338498649049183031e-01 1.039275367632952335e-01 1.398281586569145585e+00 -1.843000045742407611e+00 4.512394604115011476e-01 1.179666398790320647e+00 -8.853628241250447450e-01 5.677869903135931429e-01 1.502321125616097985e+00 -9.307758101723758726e-01 5.719139887976120162e-01 2.906063482925992925e-01 -4.347275054568606745e-01 4.652111518956340008e-01 7.390480701411951403e-02 -4.255475318640098981e-01 8.526339975121018933e-01 -3.868315603476353837e-01 4.870592092313559551e-02 8.836201432217966056e-01 -5.732776505256829136e-01 6.141286527502535231e-01 9.330210538051991742e-01 -8.845870929376655756e-01 -2.597860125919212448e-01 1.001277413030183139e+00 -2.067883489448106016e-01 2.221271307630549585e-01 1.075630547737486564e+00 7.626325022387264729e-02 1.680163658703780483e-01 1.036634232787055021e+00 -3.621403901440374273e-01 4.210647893921012352e-01 9.747484694165120533e-01 -5.934308169256555798e-01 4.559240944864431655e-01 1.151665064542782391e+00 -2.126391456080219400e-01 5.874641041088087823e-01 1.154860475721436908e+00 -7.771835871135723828e-02 8.527776607358511507e-01 1.441108115605697071e+00 -2.726581102953417046e-01 5.102169865896257761e-01 8.858182633358027136e-01 -1.549672314648743165e-01 5.168448576149330398e-01 1.255227471994240451e+00 4.351754353227855338e-02 4.186116788998524574e-01 2.370284034802110085e-01 -3.262738277053405245e-01 5.681897501762039893e-01 -3.181429152406848454e-02 -4.844075534768541580e-01 6.475673871486625766e-01 -1.221212588596953807e-01 -3.092425339443988230e-01 5.170312228933936494e-01 -1.626177725110077854e-01 9.723592255233112075e-03 6.862649142658694412e-01 1.059143791161814979e-01 -2.663078724364125183e-01 2.764035426624898983e-01 -7.632261699173774616e-01 -7.721890465096715728e-01 5.541075651085105580e-01 -9.800520152489945458e-01 -7.679516519557472165e-01 5.055187240337982724e-01 -1.067329042527392691e+00 -1.166589795331716362e+00 6.383769757878583473e-01 -8.600409564764514014e-01 -1.138869356305042935e+00 6.756358087963707515e-01 -1.684075373160299760e+00 -1.644432643581658304e+00 6.799969745595842996e-01 -1.839747096364487300e+00 -1.494496924782558356e+00 8.039357751346309922e-01 -1.704666444517923818e+00 -1.707459729514448465e+00 4.363329970210861330e-01 -2.108437784799310322e+00 -2.275751719616481594e+00 8.834040636004932834e-01 -2.290453060616906455e+00 -2.527830219638594667e+00 9.707550986099752199e-01 -2.261887227311473847e+00 -2.521382390921561356e+00 9.560291809763280524e-01
-1.712932814138936610e-01 -1.843637498678828202e+00 2.053283497217506692e+00 -1.938072805615884409e-01 -1.785823234537784243e+00 2.156814738212774252e+00 -1.934127510549605578e-01 -1.929655171077339526e+00 2.592812056808672772e+00 -1.795562480457151833e-01 -2.124637331743337576e+00 2.148252415197708043e+00 -9.822430128095455126e-02 -1.407433671196942182e+00 1.010033307354062160e+00 1.188470405280255410e-01 -1.855793752402722596e+00 6.679857475651410637e-01 -1.122063947346391422e-01 -9.367196693460104751e-01 8.861865058115716565e-01 -3.037408127451760587e-01 -9.836520732652559440e-01 5.639587059724694429e-01 -4.317899642075887501e-01 -9.871650396560907037e-01 9.162019899823455882e-01 -3.396276274411461071e-01 -6.162100046716523227e-01 -2.100368975341618816e-01 -2.281937733898981302e-01 -6.367317283180925491e-01 -4.577726852679859793e-01 -5.340154548418910574e-01 -1.801584253042908534e-01 -7.186308346220957599e-01 -3.726567215082046136e-01 -3.860369556781723666e-01 -1.170517195539762412e+00 -7.022392350550064055e-01 2.975317822452688832e-01 -8.521156476567829374e-01 -7.296931714239637268e-01 -7.756397385909975795e-02 -4.922543885356673310e-01 -8.154816766097704450e-01 -2.340854156021440202e-01 -3.309970388848400003e-01 -7.945821787132721914e-01 1.792868760821013374e-01 -4.734006286479908177e-01 -7.198102116591612587e-01 2.945846973444800621e-01 -6.165027564920715353e-01 -9.621397782671419208e-01 3.009482467316328402e-01 -2.568485605437160757e-01 -1.217914598537559234e+00 2.024078105493092028e-01 -3.435725500890573492e-01 -9.988243448575159222e-01 5.026232331661404373e-01 -7.400824806186105664e-02 -7.522629695221945134e-01 2.968744759184848148e-01 -1.536332587200086586e-01 -9.836055588000045535e-01 7.890555113563391121e-02 -1.826817335166260048e-01 -3.076032549557550233e-01 5.365157875040722502e-01 -3.352653503020622955e-02 -1.409261318850464906e-01 7.067658238461463904e-01 -1.576741948368223789e-02 -3.357241668585449895e-02 5.712756120352197042e-01 6.939715491301801098e-02 -2.381177050910570636e-01 3.462885111941870764e-01 6.915952624824324435e-02 -3.050841574052237659e-02 7.038392958722309301e-01 3.714748160750893091e-01 5.301452630838229263e-01 7.353631699981367786e-01 -2.125514391554235993e-01 7.025415024043242251e-01 7.079441903213402609e-01 -1.909490242792544201e-01 8.165918172523025653e-01 9.052813864457645021e-01 -4.734907948574900161e-01 6.469038039520218497e-01 9.170987534475887326e-01 -4.702191491106236798e-01 1.363684636524352456e+00 1.080918036430237761e+00 -7.656672170825254975e-01 1.450336021455856050e+00 9.418523061516005379e-01 -9.172411373969797665e-01 1.433315420322030187e+00 1.095010542409331933e+00 -6.159334234466873337e-01 1.741168919489872069e+00 1.435177010938273545e+00 -1.077265145804998658e+00 1.902904233985619697e+00 1.582918381351161585e+00 -1.189989895477284065e+00 1.879367600031254693e+00 1.565892464219420743e+00 -1.209986856120820020e+00
4.226113551716801919e-01 1.355389748134840644e-01 -1.727969645741623816e-01 3.279238885406561277e-01 1.678307524875817525e-01 -1.930104492636377234e-01 3.403131335930701939e-01 8.784591734667594742e-02 -1.795562480457151833e-01 8.107639136873592278e-01 1.452724554466638118e-01 -2.100817004666748200e-01 1.264931935199210822e-01 1.453234633913627893e-01 -8.228849859332444672e-02 1.762729337127359741e-02 1.912948802286421335e-01 -1.044063755570388968e-01 4.154036026003576909e-02 1.038756336341952469e-01 -8.552553801749705753e-03 8.531567790940459972e-02 1.490365842319571477e-01 -6.078218831042614401e-02 2.258696601884480903e-01 1.541859561230899123e-01 -1.073533714401505162e-01 -1.049586275898789084e-01 1.481044419093396070e-01 9.771376492234154498e-03 -2.107402627401700201e-01 1.425917641218232557e-01 4.584735182617105664e-02 -1.703106126500849582e-01 1.524631827722047472e-01 3.984982185727537624e-02 -2.542705095886207411e-01 1.964852847581640138e-01 -4.161998585532725170e-02 -2.234299265585772409e-01 1.923103959520703898e-01 1.436948544025690166e-01 -6.284280400412003975e-02 4.787313182263887301e-02 4.196886564471585812e-02 6.484849843164799954e-02 1.103391033143365056e-02 7.050147157237129925e-02 -1.187903524054923221e-01 2.984792316010082252e-03 8.346239592327187387e-03 -2.237061647259432351e-01 3.786360966899656594e-02 -1.304855446143162769e-02 -3.935693360219490872e-02 -9.126022329188238080e-02 -2.316168558530263231e-03 1.664008761587557061e-02 -1.077061609634070716e-01 1.553443929082079684e-02 -6.375084852103925226e-02 -1.623931759510556239e-01 -2.458456217648597245e-02 3.015227272111915564e-03 -7.744866469294103828e-02 -8.108677265603660492e-03 1.075061761710402464e-01 1.244389824871718932e-02 -1.171893837947941830e-02 -7.760417985978629307e-02 -1.666089272622174322e-01 -8.760222681535773798e-03 -1.612288763632419297e-01 -2.364812777462381999e-01 -5.416980131016539690e-03 -5.425098899500646610e-02 -1.685642928272456653e-01 -1.499733734789644897e-02 -6.411968701030229187e-03 -1.529470473123476781e-01 -2.100791083252091795e-02 -6.875896489101636366e-02 -2.018429574376944258e-01 -5.325123549036074599e-02 -7.559332098945054090e-02 -1.510413342981094809e-01 3.835215252323159046e-02 -1.156260726646682196e-01 -1.980902300357523516e-01 6.980711236452653845e-02 -4.907450351397742855e-02 -8.406009807723496818e-02 4.893997369639968564e-02 -1.644941757472784261e-02 -4.889539423220807396e-02 2.001115340236575904e-02 -6.480295735282590175e-02 -5.870556097144542795e-02 9.880302210418405451e-02 -5.447530532773501438e-02 -3.154454969155651156e-02 1.218618049264881542e-01 -6.548329981413220091e-02 -5.191510289795298744e-02 8.143150669646494200e-02 -9.521355393340449891e-02 -7.409020101010062309e-02 1.441348311784146630e-01 -1.041312512434076354e-01 -8.444827464440181342e-02 1.608451634959775500e-01 -1.092067621219921514e-01 -7.631555626125927083e-02 1.639577821665307855e-01
1.345145374172152797e-01 3.052222650225703937e+00 -1.838345062736514102e+00 9.402539416323896226e-02 3.198239640746767254e+00 -1.798570334596590659e+00 1.446171439682762405e-01 3.193653959012018095e+00 -2.124637331743337576e+00 1.452724554466638118e-01 3.649034854739172218e+00 -1.930101668146125160e+00 1.645325467867722324e-01 1.803758269948017690e+00 -1.359616458359350855e+00 3.743465188996224213e-02 1.707684618722045133e+00 -8.432608991377439356e-01 1.072949709329830692e-01 1.405838900806505976e+00 -1.858054961655398740e+00 4.523532213814431824e-01 1.182782139530395460e+00 -8.883959172980900876e-01 5.670747472377224430e-01 1.503371598665772746e+00 -9.327858506421433660e-01 5.743818376004092841e-01 2.942375459710762087e-01 -4.336467577553352326e-01 4.688371566565940340e-01 7.885584615707237621e-02 -4.260087295160919774e-01 8.557925055146248239e-01 -3.847157061883829110e-01 5.570331718661610670e-02 8.828391073683502510e-01 -5.695748077467149839e-01 6.237861689151636968e-01 9.386694935181059130e-01 -8.854042743388386150e-01 -2.503066535997860997e-01 1.006164292460980603e+00 -2.053266634442778849e-01 2.280178172373351630e-01 1.081488776511962957e+00 7.940450188563107081e-02 1.751553531759661997e-01 1.041522362353718201e+00 -3.624666350725502806e-01 4.246510577792709240e-01 9.788015976938558849e-01 -5.943296652074530062e-01 4.586014643128137336e-01 1.156892383573898009e+00 -2.127581201936928623e-01 5.907719937265063503e-01 1.159435922367534344e+00 -7.674172293948146317e-02 8.549618362104400848e-01 1.446648259312553808e+00 -2.742629457937787452e-01 5.159121509823662022e-01 8.906762167816376641e-01 -1.550506989813894010e-01 5.180789675178891773e-01 1.263961932268566235e+00 4.697958509359985435e-02 4.240259212219892326e-01 2.382154147423212187e-01 -3.305571645068273168e-01 5.638641110932172129e-01 -3.460636079125926912e-02 -4.916320322658213060e-01 6.403744920136122953e-01 -1.209069320489825489e-01 -3.142988695184075199e-01 5.099875905115184294e-01 -1.578576307981872373e-01 6.336040671765892293e-03 6.771497694893919839e-01 1.055487150978529631e-01 -2.739505648883172051e-01 2.673985495231763765e-01 -7.653483156111611230e-01 -7.774049071003134026e-01 5.493957833124950563e-01 -9.858023069967380980e-01 -7.774104185509687071e-01 4.942296854606188505e-01 -1.068122613221319961e+00 -1.167962542021182548e+00 6.425235689196646671e-01 -8.570210326401714873e-01 -1.137074266293562452e+00 6.837152488255265892e-01 -1.688389188472948943e+00 -1.644802833141750353e+00 6.891749914743087180e-01 -1.845515427988148716e+00 -1.488525977524322030e+00 8.237027292720314753e-01 -1.703263980554650114e+00 -1.702659025522304193e+00 4.411531457089416519e-01 -2.122130540009274036e+00 -2.289524949232094375e+00 8.910532881559575236e-01 -2.309411902364948865e+00 -2.553447493409608526e+00 9.738172053781435356e-01 -2.278619411549454910e+00 -2.532517868293501895e+00 9.665244177815484061e-01
-1.730229571252456522e-01 -1.832494877794492272e+00 2.043212498706080460e+00 -1.746649597473502458e-01 -2.104549744967400216e+00 2.149508506039090605e+00 -1.902325792969130347e-01 -1.770222801137636193e+00 2.148252415197708043e+00 -2.100817004666748200e-01 -1.930101668146125160e+00 2.567104849629849639e+00 -9.544680397665827876e-02 -1.399407308754945012e+00 1.004560033222069437e+00 1.255058253422675352e-01 -1.843454492952987245e+00 6.627629865697745037e-01 -1.104059474957131415e-01 -9.323683073532638144e-01 8.826164196306846010e-01 -3.000027905655444638e-01 -9.803186831591871320e-01 5.602731713124133872e-01 -4.298302259296369332e-01 -9.816322919022788529e-01 9.057680263461399539e-01 -3.327147888553371735e-01 -6.185407907491452528e-01 -2.044568070715727104e-01 -2.196942039514933609e-01 -6.405520134328868131e-01 -4.464051640983458524e-01 -5.262532445482562826e-01 -1.859802299543564241e-01 -7.099555999669519002e-01 -3.639111477253170190e-01 -3.918462713178259005e-01 -1.154549117436439287e+00 -6.923350960392663511e-01 2.847116707515674472e-01 -8.463238629898492960e-01 -7.239940703437668379e-01 -7.818124241953434972e-02 -4.860565451150157812e-01 -8.102788207224662642e-01 -2.268342786806357425e-01 -3.222939788251629745e-01 -7.904098286730385503e-01 1.747432334017559596e-01 -4.723264806072450250e-01 -7.159035059107703436e-01 2.843197247827471408e-01 -6.165364039749297032e-01 -9.600320072270687177e-01 2.991250747250176478e-01 -2.587889169323469019e-01 -1.212255374119203699e+00 2.015687090695271744e-01 -3.446321745064866993e-01 -9.957188094001314660e-01 5.006092007886213668e-01 -8.166210640415350053e-02 -7.580138294056776305e-01 2.975561908991478655e-01 -1.519800902174233970e-01 -9.950768705505455003e-01 8.592128878832809569e-02 -1.739418268897162112e-01 -3.133235397003105716e-01 5.324623186205644787e-01 -3.604197594713749037e-02 -1.412509179165362116e-01 6.981366588391481054e-01 -2.384694006028902080e-02 -4.505553017750102418e-02 5.696798062033137100e-01 7.135646988707547433e-02 -2.584298371343369816e-01 3.413303397586496257e-01 6.882620106457135178e-02 -4.380551718427472957e-02 7.076887742612769649e-01 3.808167927210469039e-01 5.245358179323813541e-01 7.342170232849722922e-01 -2.131213990523784518e-01 7.002605289599570515e-01 7.074097449727282383e-01 -1.936900636267410991e-01 8.128198616024874257e-01 9.033332873167856381e-01 -4.733268347578112878e-01 6.400139422738730932e-01 9.138784580882060027e-01 -4.685147887876245365e-01 1.365983740116561984e+00 1.079550150822428112e+00 -7.656547674490187250e-01 1.455890573535302490e+00 9.444575655775057088e-01 -9.150289998700732452e-01 1.439895509677494800e+00 1.092551043081595230e+00 -6.214405787064835041e-01 1.739844115279508108e+00 1.429653955903773754e+00 -1.074277512777882970e+00 1.901041267241094568e+00 1.577575467888447935e+00 -1.185308532509261159e+00 1.876353722228106147e+00 1.556005314896591551e+00 -1.204896901746162596e+00
1.269456495216548797e-01 1.406170928540413367e-01 -8.614521210359932235e-02 1.222471950585206774e-01 1.653536256093330326e-01 -9.619409534012469953e-02 1.200442779973811408e-01 1.635218555967398180e-01 -9.822430128095455126e-02 1.264931935199210822e-01 1.645325467867722324e-01 -9.544680397665827876e-02 1.438588955315545925e-01 4.015276711776070984e-02 -4.158728147897501615e-02 1.631023967960338050e-01 1.772585909743772115e-02 6.416185270991134337e-02 1.893831090589749300e-01 -4.689249038615508208e-02 -1.153894677010181558e-01 7.046596728996962211e-02 8.599201476255945165e-02 -3.990786860483232223e-02 5.084712559568662499e-02 1.999785589169875699e-01 -9.360262880014254272e-02 3.049642920630505141e-02 -1.022432983895592588e-03 2.118057223096826702e-02 4.989494704536306252e-02 -9.332916629436188716e-02 6.345463112921542748e-02 -4.105409364432141550e-02 2.716419166565925414e-02 3.239073083472855663e-02 -1.001252397593607735e-01 4.721887757009681635e-02 -2.290901441089546187e-02 -7.815989378896673334e-02 5.853920798612876480e-02 9.380573971979228043e-02 8.957102203088939535e-03 -1.131424085707319685e-02 3.599359732044699750e-02 1.211963929219670860e-01 -4.597596594073879300e-02 6.354875180614878716e-02 -7.725115361594857288e-02 -3.453964443410565983e-03 6.357291070596982410e-03 -1.668307480540660026e-01 2.540287377237526040e-02 -1.465046098752897583e-02 -5.152829583177830075e-02 -3.320271814636108904e-02 1.096206726000598574e-03 -3.226856285599904312e-02 -3.631430686631984678e-02 1.395915373679186729e-03 -6.174155368916600661e-02 -5.285692935277418181e-02 -5.530699330854971056e-03 -3.709450553335287559e-02 -3.516593738273916803e-02 3.894045535108430281e-03 2.415265284915804264e-02 8.495982472429429791e-03 3.925304998241885106e-03 -9.279721756538623911e-02 -8.550760227492366916e-02 6.267176970158907373e-03 -1.417122088496468868e-01 -1.191643199880910026e-01 6.441789775467096635e-03 -8.740199683266178243e-02 -9.434653008620717818e-02 9.289819917739609509e-03 -7.995091213084186410e-02 -1.117458414788100179e-01 -4.136700816534283863e-03 -1.107076513710189974e-01 -1.008354201077017176e-01 1.467564858770244000e-02 -6.245291175884407769e-02 -7.431847868922310252e-02 2.321106119150634362e-02 -7.194668686627633813e-02 -9.350823126909627026e-02 4.109934192372805689e-02 -3.128192972253111132e-02 -3.659733179588171847e-02 1.530621439878338159e-02 -2.579867893049669209e-02 -2.327155804540796333e-02 6.229971353768842075e-04 -4.530337947122175558e-03 -1.316043127629417525e-02 2.713732680401793190e-02 6.434574379191433657e-03 -3.557074595628078022e-03 3.318114636706020332e-02 4.503653079527131231e-03 -7.354734259080775854e-03 2.208215254170701677e-02 -2.310800286847494115e-03 -8.330366184468640522e-03 3.811506911774684148e-02 -4.370578418871902404e-03 -6.921907342537887524e-03 4.598310749532296543e-02 2.292395399207325640e-03 -6.547474161139540255e-03 3.910704315096182743e-02
